tree
version=v3
num_class=1
num_tree_per_iteration=1
label_index=0
max_feature_idx=20
objective=binary sigmoid:1
feature_names=delta_ip beta_N HA V_LOOP BOLD03 BOLD06 BOLU03 BOLU06 SX03 SX06 EFIT_BETA_T EFIT_BETA_P EFIT_ELONGATION EFIT_LI EFIT_Q0 EFIT_QBDRY BT DENSITY W_E FIR01 FIR03
feature_infos=[-0.36706561334124249:0.1942123838727306] [-0.23013665745399656:2.6884312700370137] [-0.1271508288344898:5.3911560107312058] [-1.5117772078299605:11.322866631524956] [-0.050324938881232836:5.3456712587898751] [0.098195152700279328:6.4274309260239466] [-0.058914208902992288:1.4124337628115391] [0.033080898167396275:6.1183232871837578] [-2.5378798086999681:1.8984646538981742] [-1.4902901249213447:14.165918392177456] [-0.058757215738296516:0.94038766622543324] [-0.22482337057590485:1.6380791664123535] [0.99794697761535645:1.0770415067672729] [0.94194096326828003:1.091810941696167] [0.80152601003646851:3.6915054321289058] [2.1647779941558842:10.826513290405273] [18.272899627685547:23.287300109863281] [0.30700001120567322:3.4300999641418457] [-2.1040999889373784:39.598300933837891] [167.24330139160156:1833.3602294921875] [347.71240234375:3997.269287109375]
tree_sizes=1143 1357 1456 1256 1246 1365 1460 950 1157 1360

Tree=0
num_leaves=10
num_cat=0
split_feature=19 7 18 2 17 0 5 9 18
split_gain=62163.2 29566.1 30155.3 17110.9 14031.8 2545.64 1060.75 599.82 505.847
threshold=690.54635620117199 0.64493421608401169 27.326849937438968 1.09660536476976 2.6541000604629521 -0.0093737575607368475 1.9038008955986376 0.034365058346489064 27.791150093078617
decision_type=2 2 2 2 2 2 2 2 2
left_child=7 6 3 4 -3 -5 -2 -1 -4
right_child=1 2 8 5 -6 -7 -8 -9 -10
leaf_value=-2.849128695323385 -3.6918731711962458 -0.64402504632762758 -2.8731819874913587 -1.9489255488528365 -3.681579423247396 -3.6867104578579784 -2.5615460448219136 -3.6952751881400618 -3.6906816105448494
leaf_weight=6.136234935373067 50.250507440418005 458.67705601081252 6.3964654244482508 9.8731447644531709 15.561783246695994 24.435642924159765 7.0834739170968524 138.65080457925797 40.726071540266275
leaf_count=165 1931 3926 175 167 598 939 166 5328 1565
internal_value=0 22.5035 24.7238 26.9546 28.5094 4.93731 0.836094 -0.514578 0.488009
internal_weight=0 613.004 555.67 508.548 474.239 34.3088 57.334 144.787 47.1225
internal_count=14960 9467 7370 5630 4524 1106 2097 5493 1740
shrinkage=1


Tree=1
num_leaves=12
num_cat=0
split_feature=8 9 16 20 9 1 20 20 3 2 17
split_gain=1406.72 2323.12 4806.22 1292.38 1008.49 538.751 309.266 271.825 139.055 125.971 63.2416
threshold=0.021790498488191097 0.053223379090857566 18.331349372863773 1743.758483886719 0.91975154873201814 1.772433522126045 2714.167358398438 1036.0066528320315 0.35229209637193742 1.2771830109347782 2.3661999702453618
decision_type=2 2 2 2 2 2 2 2 2 2 2
left_child=1 7 -3 -2 6 8 -4 -1 -5 -10 -9
right_child=3 2 4 5 -6 -7 -8 10 9 -11 -12
leaf_value=-0.089291673607844221 -0.13280091837413155 0.27018001209366854 -0.13160092737678855 0.091344109793741302 0.19112175175306292 -0.10434783506965313 0.28698435384099408 0.3025442376348933 0.27922644971849131 0.040524874510837382 -0.059938802095327252
leaf_weight=17.266107454895973 83.608508426696062 669.9021053314209 778.23317755572498 45.086035456508398 115.19821009039879 37.398178905248642 15.522752895951269 647.87632316723466 1871.7233222406358 23.439546579495072 3.9862517416477194
leaf_count=567 1269 206 9544 230 166 1218 179 232 722 459 168
internal_value=0 1.33919 0.675041 2.4863 -0.822337 2.64921 -1.22438 2.89698 2.72179 2.76339 3.00078
internal_weight=0 2247.98 1578.86 2061.26 908.954 1977.65 793.756 669.129 1940.25 1895.16 651.863
internal_count=14960 11062 10095 3898 9889 2629 9723 967 1411 1181 400
shrinkage=0.1


Tree=2
num_leaves=13
num_cat=0
split_feature=8 18 9 1 20 20 1 0 20 9 15 17
split_gain=963.14 1823.05 983.92 3251.66 945.943 798.503 384.676 272.93 190.394 181.787 75.1169 44.9782
threshold=0.021790498488191097 15.723249912261965 0.053223379090857566 0.70926160252394577 1743.758483886719 1666.400085449219 1.772433522126045 0.0092557558080230123 1036.0066528320315 0.05743034108004718 3.0147227048873906 2.3661999702453618
decision_type=2 2 2 2 2 2 2 2 2 2 2 2
left_child=1 2 8 9 -2 -5 7 10 -1 -4 -6 -10
right_child=4 -3 3 5 6 -7 -8 -9 11 -11 -12 -13
leaf_value=-0.087943905947076795 -0.128725316524608 -0.14348364483544426 0.14410965081690127 -0.14362064328952434 0.49839319255824094 0.23825417837767207 -0.10297669398631748 -0.13260244554027295 0.25074024102288334 -0.12425199856371921 0.2292209547678227 -0.058416780019903448
leaf_weight=15.890950866043566 78.007338251918554 239.19388955458999 24.420249462127686 56.939950838685036 9.7300069853663427 804.58846817351878 34.302410507574677 19.153289578855038 700.70558814704418 462.38880110532045 2050.6719016265124 3.764986351132392
leaf_count=567 1269 1567 236 304 173 176 1218 182 232 7812 1056 168
internal_value=0 1.16651 1.46883 0.961431 2.09508 2.12631 2.22144 2.27639 2.41117 -1.10042 2.31163 2.48861
internal_weight=0 2307.89 2068.7 1348.34 2191.86 861.528 2113.86 2079.56 720.362 486.809 2060.4 704.471
internal_count=14960 11062 9495 8528 3898 480 2629 1411 967 8048 1229 400
shrinkage=0.1


Tree=3
num_leaves=11
num_cat=0
split_feature=8 7 14 20 19 17 19 1 0 7
split_gain=696.412 1327.9 1022.04 729.512 591.138 628.965 304.961 291.843 212.09 164.607
threshold=0.021790498488191097 1.8348056740892564 1.4034349322319033 1743.758483886719 676.62109375000011 2.2711499929428105 1270.2744140625002 1.772433522126045 0.0092557558080230123 4.2403024030978127
decision_type=2 2 2 2 2 2 2 2 2 2
left_child=1 2 -1 -2 -4 -6 -3 8 9 -5
right_child=3 6 4 7 5 -7 -8 -9 -10 -11
leaf_value=-0.13155590335450543 -0.12504915883363765 -0.13942548013320819 -0.099223332651730278 0.20296972375294853 0.17559356002635157 -0.12289691881872032 0.17642516580651385 -0.10159733487428256 -0.12676944569722109 -0.1197632706380081
leaf_weight=134.85432409308851 72.629630826413631 242.98855735175312 88.030065717175603 2118.2147825211287 1739.3785957191139 71.689320860430598 32.489411391317844 31.474225610494614 18.207980874925852 14.220737846568225
leaf_count=1458 1269 1761 4375 1033 2017 1255 196 1218 182 196
internal_value=0 1.04484 1.32385 1.8289 1.51294 1.63606 -1.00773 1.93287 1.97729 2.00663
internal_weight=0 2309.43 2033.95 2254.75 1899.1 1811.07 275.478 2182.12 2150.64 2132.44
internal_count=14960 11062 9105 3898 7647 3272 1957 2629 1411 1229
shrinkage=0.1


Tree=4
num_leaves=11
num_cat=0
split_feature=9 18 7 17 17 19 4 1 2 5
split_gain=554.578 1234.12 813.566 790.708 584.332 559.404 354.516 227.087 166.755 19.6313
threshold=1.2098786861328625 18.303899765014652 1.8348056740892564 2.0455499887466435 2.2324000597000127 676.62109375000011 0.59412621380343189 1.772433522126045 1.09660536476976 4.1184052020300124
decision_type=2 2 2 2 2 2 2 2 2 2
left_child=1 2 4 -2 5 -1 -4 8 9 -5
right_child=3 -3 6 7 -6 -7 -8 -9 -10 -11
leaf_value=-0.098891208427882182 -0.13999866434976169 -0.13589313546067225 -0.1328279647110453 0.16960809137028499 -0.1192691891107126 0.16049680691679075 0.18059229910205798 -0.096588938691598805 -0.097407815062991163 0.19421177119819788
leaf_weight=85.30030220001936 79.309923987835646 207.61100654117763 169.08948679827154 795.32399761304259 82.901720937341452 1830.9938923176378 43.100349634885788 28.081539755687118 19.551487205550075 1218.3675647042692
leaf_count=4682 812 1821 1384 310 1768 2062 175 1333 365 248
internal_value=0 0.958974 1.17803 1.6603 1.37554 1.48823 -0.676394 1.77979 1.81899 1.84743
internal_weight=0 2419 2211.39 2140.63 1999.2 1916.29 212.19 2061.32 2033.24 2013.69
internal_count=14960 11892 10071 3068 8512 6744 1559 2256 923 558
shrinkage=0.1


Tree=5
num_leaves=12
num_cat=0
split_feature=20 9 0 6 5 7 7 16 17 14 19
split_gain=465.367 2569.87 967.244 431.478 646.511 185.853 165.785 106.317 39.7996 25.8268 8.87647
threshold=1696.1986083984377 0.05743034108004718 0.0092557558080230123 0.056341521605840016 1.9038008955986376 4.2403024030978127 1.5196319603759307 21.970450401306156 1.8750999569892886 1.4553437829017641 690.54635620117199
decision_type=2 2 2 2 2 2 2 2 2 2 2
left_child=1 6 3 4 -2 7 -1 -5 10 -10 -3
right_child=2 8 -4 5 -6 -7 -8 -9 9 -11 -12
leaf_value=-0.090982495239063432 -0.12783281865085411 -0.097769320806455923 -0.12670089780816943 0.17247384011897005 0.22051153369193616 -0.11875269017330921 0.18386722119728369 0.12927526898680691 -0.091937617524528351 0.084949904440731944 -0.14624559999241293
leaf_weight=21.042381991632283 130.56730395089835 71.287417719140649 131.57126502133906 2090.4570369888097 85.959282760508358 22.214634889736772 722.59527578949928 854.84840609226376 15.566356142982842 12.26485627517104 331.4074348108843
leaf_count=918 1696 4597 1812 616 166 583 168 1464 731 166 2043
internal_value=0 0.634463 1.36942 1.47938 0.114856 1.57873 1.75776 1.60071 -1.30454 -0.13252 -1.38401
internal_weight=0 1174.16 3315.62 3184.05 216.527 2967.52 743.638 2945.31 430.526 27.8312 402.695
internal_count=14960 8623 6337 4525 1862 2663 1086 2080 7537 897 6640
shrinkage=0.1


Tree=6
num_leaves=13
num_cat=0
split_feature=9 18 17 7 17 12 2 8 2 7 0 4
split_gain=396.531 958.67 577.035 569.352 433.073 455.355 283.922 245.303 169.932 137.377 72.572 24.435
threshold=1.2098786861328625 15.81304979324341 2.0455499887466435 1.8348056740892564 2.2127000093460087 1.017097055912018 0.87125122537312094 0.10853303064221144 1.09660536476976 4.2403024030978127 0.0092557558080230123 0.56686320748761576
decision_type=2 2 2 2 2 2 2 2 2 2 2 2
left_child=1 3 -2 4 5 -1 11 -3 9 10 -4 -5
right_child=2 7 8 6 -6 -7 -8 -9 -10 -11 -12 -13
leaf_value=-0.13688562692161893 -0.13452744195356189 -0.1348653628758614 0.15826158490197684 -0.12689932577573645 -0.11519907667569883 0.1400175102349038 0.2122965651594938 0.12653748000252074 -0.098766236655518036 -0.11821290558595554 -0.093915751998100844 -0.010369163174718112
leaf_weight=59.377176524139941 71.308791011571884 231.55834637396038 1931.4422873826697 140.68977872282267 72.626396765001118 1721.5345099754632 29.620756714604795 40.113479299470782 25.101797806099057 16.426256611943245 9.7720784647390229 21.234992880374193
leaf_count=716 812 1989 683 1174 1735 5767 165 180 688 464 421 166
internal_value=0 0.803941 1.4096 1.03842 1.20795 1.30585 -0.595736 -0.953664 1.51044 1.54384 1.56858 -1.12069
internal_weight=0 2316.76 2054.05 2045.08 1853.54 1780.91 191.546 271.672 1982.74 1957.64 1941.21 161.925
internal_count=14960 11892 3068 9723 8218 6483 1505 2169 2256 1568 1104 1340
shrinkage=0.1


Tree=7
num_leaves=8
num_cat=0
split_feature=19 3 12 5 5 8 0
split_gain=369.33 337.104 328.196 312.085 1360.88 112.88 75.4953
threshold=676.62109375000011 0.35229209637193742 1.0165290832519533 0.73318266933428455 2.8194026086204622 0.10853303064221144 0.00088245338960853906
decision_type=2 2 2 2 2 2 2
left_child=-1 5 -3 -4 -5 -2 -7
right_child=1 2 3 4 -6 6 -8
leaf_value=-0.098827830205428943 -0.13530654619553123 -0.13526073327888796 0.15301210465414539 -0.038296383799332138 0.1326264216562498 0.14995233848955949 -0.10562194595408428
leaf_weight=88.255455063655972 72.591882390901446 51.432023965753615 1344.3458922374994 602.82197317946702 2030.7060679746792 29.850247615948319 15.473139884881673
leaf_count=5316 745 381 318 4845 2588 166 601
internal_value=0 1.05556 1.10437 1.13707 0.935014 -0.599299 0.615767
internal_weight=0 4147.22 4029.31 3977.87 2633.53 117.915 45.3234
internal_count=14960 9644 8132 7751 7433 1512 767
shrinkage=0.1


Tree=8
num_leaves=10
num_cat=0
split_feature=13 19 12 15 2 0 19 20 19
split_gain=352.192 832.977 299.973 271.883 193.795 175.045 157.823 96.7173 3.81864
threshold=1.0149140357971194 1006.673309326172 1.0165290832519533 3.0018172264099126 0.2513254564153054 -0.01032386934109795 676.62109375000011 1885.0605468750002 690.54635620117199
decision_type=2 2 2 2 2 2 2 2 2
left_child=2 8 -1 -4 5 -5 -6 -3 -2
right_child=1 7 3 4 6 -7 -8 -9 -10
leaf_value=-0.1282306508945299 -0.094596322503740449 0.15354251069761293 -0.11414351915991139 0.17660894415143152 -0.094324126956668794 -0.12270022655505371 0.11723173572394208 -0.10103363108095482 -0.14760221206252777
leaf_weight=52.319055419415236 38.037515471689403 218.9218090698123 52.134660165756941 25.128133833408356 33.672704677097499 62.749357111752033 3432.2378220492974 14.125413033179937 162.81151564233005
leaf_count=708 2572 165 1288 166 2005 1450 5239 270 1097
internal_value=0 0.0920768 1.04561 1.08036 1.11383 -0.3429 1.15102 1.3709 -1.39007
internal_weight=0 433.896 3658.24 3605.92 3553.79 87.8775 3465.91 233.047 200.849
internal_count=14960 4104 10856 10148 8860 1616 7244 435 3669
shrinkage=0.1


Tree=9
num_leaves=12
num_cat=0
split_feature=16 16 5 20 16 12 9 14 7 14 2
split_gain=310.499 1069.83 264.776 1164.13 846.75 329.976 156.333 99.6176 50.9278 27.2265 17.724
threshold=23.231949806213382 22.315050125122074 0.73318266933428455 1687.3754882812502 21.347599983215336 1.0165290832519533 0.04155625731710965 1.2114395499229433 1.1597886453979231 1.3383158445358279 1.09660536476976
decision_type=2 2 2 2 2 2 2 2 2 2 2
left_child=1 2 5 6 -5 -1 -4 -3 -7 10 -9
right_child=-2 7 3 4 -6 8 -8 9 -10 -11 -12
leaf_value=-0.12426572454215892 0.15178492828779427 0.072120387205718062 0.14835379724888506 0.12657667398954769 -0.12719125633018821 -0.078673652747610845 -0.13086042974978049 -0.25395757835962457 0.13718242596958224 -0.12804446716311582 -0.085808028996663413
leaf_weight=48.842679673805833 637.43890486191958 20.091784636490047 19.281608988530934 1354.2747166641057 143.35265904851258 9.3412580313160998 284.27599782217294 37.881995685398579 1238.8519855495542 158.29779588244855 12.004211250692604
leaf_count=706 179 178 174 2154 2078 512 6348 175 380 1734 342
internal_value=0 0.754735 0.908896 0.65905 1.02093 1.25368 -1.1193 -1.32321 1.35393 -1.52757 -2.20218
internal_weight=0 3326.5 3098.22 1801.18 1497.63 1297.04 303.558 228.276 1248.19 208.184 49.8862
internal_count=14960 14781 12352 10754 4232 1598 6522 2429 892 2251 517
shrinkage=0.1


end of trees

feature importances:
FIR03=10
BOLU06=9
SX06=9
DENSITY=9
FIR01=9
delta_ip=7
HA=7
BOLD06=6
beta_N=5
SX03=5
BT=5
W_E=5
EFIT_ELONGATION=4
EFIT_Q0=4
V_LOOP=2
BOLD03=2
EFIT_QBDRY=2
BOLU03=1
EFIT_LI=1

parameters:
[boosting: gbdt]
[objective: binary]
[metric: auc]
[tree_learner: serial]
[device_type: cpu]
[data: ]
[valid: ]
[num_iterations: 100]
[learning_rate: 0.1]
[num_leaves: 32]
[num_threads: 0]
[max_depth: 5]
[min_data_in_leaf: 165]
[min_sum_hessian_in_leaf: 0.001]
[bagging_fraction: 0.73]
[pos_bagging_fraction: 1]
[neg_bagging_fraction: 1]
[bagging_freq: 0]
[bagging_seed: 3]
[feature_fraction: 0.86]
[feature_fraction_bynode: 1]
[feature_fraction_seed: 2]
[early_stopping_round: 0]
[first_metric_only: 0]
[max_delta_step: 0]
[lambda_l1: 0.03]
[lambda_l2: 2.78]
[min_gain_to_split: 0]
[drop_rate: 0.1]
[max_drop: 50]
[skip_drop: 0.5]
[xgboost_dart_mode: 0]
[uniform_drop: 0]
[drop_seed: 4]
[top_rate: 0.2]
[other_rate: 0.1]
[min_data_per_group: 100]
[max_cat_threshold: 32]
[cat_l2: 10]
[cat_smooth: 10]
[max_cat_to_onehot: 4]
[top_k: 20]
[monotone_constraints: ]
[feature_contri: ]
[forcedsplits_filename: ]
[forcedbins_filename: ]
[refit_decay_rate: 0.9]
[cegb_tradeoff: 1]
[cegb_penalty_split: 0]
[cegb_penalty_feature_lazy: ]
[cegb_penalty_feature_coupled: ]
[verbosity: 1]
[max_bin: 255]
[max_bin_by_feature: ]
[min_data_in_bin: 3]
[bin_construct_sample_cnt: 200000]
[histogram_pool_size: -1]
[data_random_seed: 1]
[output_model: LightGBM_model.txt]
[snapshot_freq: -1]
[input_model: ]
[output_result: LightGBM_predict_result.txt]
[initscore_filename: ]
[valid_data_initscores: ]
[pre_partition: 0]
[enable_bundle: 1]
[max_conflict_rate: 0]
[is_enable_sparse: 1]
[sparse_threshold: 0.8]
[use_missing: 1]
[zero_as_missing: 0]
[two_round: 0]
[save_binary: 0]
[header: 0]
[label_column: ]
[weight_column: ]
[group_column: ]
[ignore_column: ]
[categorical_feature: ]
[predict_raw_score: 0]
[predict_leaf_index: 0]
[predict_contrib: 0]
[num_iteration_predict: -1]
[pred_early_stop: 0]
[pred_early_stop_freq: 10]
[pred_early_stop_margin: 10]
[convert_model_language: ]
[convert_model: gbdt_prediction.cpp]
[num_class: 1]
[is_unbalance: 1]
[scale_pos_weight: 1]
[sigmoid: 1]
[boost_from_average: 1]
[reg_sqrt: 0]
[alpha: 0.9]
[fair_c: 1]
[poisson_max_delta_step: 0.7]
[tweedie_variance_power: 1.5]
[max_position: 20]
[lambdamart_norm: 1]
[label_gain: ]
[metric_freq: 1]
[is_provide_training_metric: 0]
[eval_at: ]
[multi_error_top_k: 1]
[num_machines: 1]
[local_listen_port: 12400]
[time_out: 120]
[machine_list_filename: ]
[machines: ]
[gpu_platform_id: -1]
[gpu_device_id: -1]
[gpu_use_dp: 0]

end of parameters

pandas_categorical:null
